Precision: 0.9958677685950413
Recall: 0.9917695473251029
F1 Score: 0.9938144329896907